1001	1
1002	1
100	1
1010	1
1015	1
1019	1
1020	1
102	1
1032	1
103	1
1050	1
1052	1
1054	1
105	1
1060	1
1070	1
1078	1
107	1
1085	1
1089	1
108	1
10	1
1102	1
110	1
1113	1
1115	1
1116	1
1118	1
111	1
1127	1
1128	1
112	1
113	1
1141	1
1145	1
1146	1
1148	1
1150	1
1151	1
1152	1
115	1
1161	1
1162	1
1163	1
1165	1
1168	1
1169	1
1175	1
117	1
118	1
1194	1
1198	1
119	1
1202	1
1203	1
1208	1
1215	1
1216	1
1218	1
1220	1
1221	1
1222	1
1227	1
122	1
1230	1
1236	1
1239	1
1240	1
1241	1
1242	1
124	1
1257	1
1258	1
1266	1
1270	1
1271	1
1274	1
1275	1
1276	1
1278	1
1279	1
1282	1
1283	1
1288	1
128	1
1299	1
12	1
1301	1
1305	1
1306	1
1307	1
1308	1
1309	1
1314	1
1315	1
1316	1
131	1
1332	1
1335	1
1336	1
1338	1
1342	1
1344	1
1353	1
1358	1
1359	1
1360	1
1363	1
1364	1
1366	1
1375	1
1376	1
1378	1
1379	1
137	1
1393	1
1396	1
139	1
13	1
1401	1
1408	1
1412	1
141	1
1422	1
1426	1
1427	1
142	1
1435	1
1436	1
1438	1
1439	1
1442	1
1444	1
144	1
1452	1
1459	1
1478	1
1480	1
1486	1
148	1
149	1
1515	1
1525	1
1528	1
1529	1
152	1
1530	1
1535	1
1536	1
1537	1
153	1
1557	1
1563	1
1567	1
156	1
1576	1
157	1
1588	1
1589	1
1590	1
1596	1
1597	1
1598	1
159	1
1606	1
1608	1
1609	1
1612	1
1613	1
1615	1
1616	1
1618	1
1619	1
161	1
1621	1
1622	1
1627	1
1628	1
1629	1
162	1
1632	1
1647	1
1649	1
1655	1
165	1
1665	1
1669	1
166	1
1677	1
167	1
1684	1
168	1
1692	1
1701	1
1706	1
1713	1
1715	1
171	1
1725	1
1726	1
172	1
1738	1
173	1
174	1
1751	1
1754	1
176	1
1779	1
177	1
1781	1
1783	1
179	1
17	1
1802	1
1803	1
1805	1
180	1
1812	1
1813	1
1814	1
1818	1
1819	1
1820	1
1822	1
1824	1
1825	1
1831	1
1832	1
1835	1
1839	1
1843	1
1845	1
1850	1
1852	1
1854	1
1856	1
1857	1
1860	1
1862	1
1863	1
1867	1
1868	1
1874	1
1878	1
1880	1
1883	1
1884	1
1886	1
1888	1
1889	1
1890	1
1891	1
1893	1
1894	1
1895	1
1897	1
18	1
1905	1
1907	1
1909	1
1913	1
1915	1
1916	1
1917	1
191	1
1921	1
1922	1
1923	1
1924	1
1925	1
1929	1
1930	1
1931	1
1932	1
1938	1
1940	1
1944	1
1945	1
1952	1
1955	1
1960	1
1961	1
1962	1
1964	1
1970	1
1977	1
1979	1
197	1
1984	1
1988	1
1	1
2001	1
2002	1
2004	1
2006	1
2009	1
2010	1
2011	1
2013	1
2016	1
2017	1
201	1
2022	1
2025	1
2026	1
2029	1
2033	1
2035	1
2038	1
203	1
2040	1
2042	1
2044	1
2045	1
2046	1
2047	1
2049	1
2051	1
2053	1
2057	1
2058	1
2059	1
2071	1
2072	1
2073	1
2079	1
2082	1
2086	1
2087	1
2090	1
209	1
2105	1
2110	1
2111	1
2119	1
211	1
2133	1
2135	1
2137	1
2138	1
2143	1
2149	1
214	1
2158	1
2159	1
2162	1
2169	1
216	1
2173	1
2175	1
2191	1
2194	1
219	1
2201	1
2202	1
2204	1
220	1
2215	1
2219	1
2220	1
2222	1
2224	1
2228	1
222	1
2238	1
223	1
2246	1
2252	1
2260	1
2272	1
2273	1
2276	1
2279	1
2281	1
2287	1
2289	1
22	1
2300	1
2303	1
2312	1
2319	1
232	1
2331	1
2332	1
2335	1
2342	1
2347	1
2352	1
2358	1
2365	1
2366	1
2367	1
2370	1
2374	1
237	1
2389	1
238	1
2390	1
2398	1
2399	1
2407	1
2408	1
2410	1
2413	1
2414	1
241	1
2426	1
2433	1
2440	1
2443	1
244	1
2457	1
2463	1
246	1
2470	1
2479	1
247	1
2481	1
2484	1
2486	1
2488	1
248	1
2498	1
2503	1
250	1
2522	1
2527	1
2530	1
2533	1
2534	1
2538	1
253	1
2541	1
2545	1
2547	1
254	1
2555	1
2556	1
2559	1
2561	1
2563	1
2564	1
256	1
2581	1
2582	1
2583	1
2585	1
2593	1
2595	1
2597	1
2603	1
2608	1
260	1
261	1
2631	1
2632	1
263	1
2640	1
2641	1
2657	1
2662	1
268	1
269	1
270	1
273	1
275	1
276	1
277	1
279	1
281	1
282	1
283	1
288	1
291	1
294	1
296	1
297	1
299	1
2	1
301	1
302	1
303	1
305	1
306	1
307	1
308	1
312	1
313	1
314	1
315	1
316	1
317	1
319	1
321	1
323	1
327	1
330	1
331	1
332	1
333	1
337	1
339	1
340	1
341	1
343	1
344	1
345	1
348	1
349	1
350	1
352	1
353	1
356	1
360	1
361	1
365	1
366	1
368	1
371	1
372	1
373	1
377	1
384	1
385	1
386	1
388	1
392	1
393	1
3	1
401	1
403	1
408	1
409	1
413	1
415	1
416	1
41	1
427	1
431	1
435	1
439	1
440	1
442	1
444	1
44	1
456	1
457	1
459	1
463	1
464	1
465	1
46	1
471	1
474	1
478	1
481	1
486	1
490	1
497	1
49	1
508	1
509	1
511	1
517	1
519	1
520	1
523	1
528	1
531	1
534	1
542	1
543	1
546	1
548	1
550	1
551	1
555	1
561	1
564	1
567	1
568	1
569	1
571	1
572	1
574	1
579	1
582	1
590	1
593	1
597	1
5	1
601	1
611	1
612	1
620	1
623	1
624	1
625	1
626	1
627	1
628	1
629	1
632	1
633	1
635	1
638	1
639	1
63	1
640	1
644	1
647	1
649	1
64	1
650	1
654	1
655	1
657	1
658	1
659	1
660	1
661	1
662	1
663	1
664	1
665	1
666	1
671	1
673	1
674	1
676	1
679	1
680	1
682	1
684	1
685	1
686	1
687	1
688	1
689	1
691	1
692	1
694	1
695	1
69	1
700	1
701	1
703	1
704	1
707	1
708	1
709	1
70	1
710	1
711	1
712	1
714	1
716	1
717	1
718	1
719	1
720	1
721	1
722	1
723	1
738	1
739	1
756	1
75	1
781	1
7	1
800	1
817	1
818	1
82	1
834	1
835	1
837	1
842	1
84	1
853	1
854	1
857	1
85	1
872	1
874	1
877	1
87	1
880	1
884	1
886	1
896	1
898	1
899	1
89	1
906	1
907	1
921	1
92	1
935	1
936	1
938	1
939	1
947	1
94	1
975	1
977	1
97	1
984	1
986	1
987	1
988	1
98	1
991	1
99	1
1007	2
1014	2
1019	2
1022	2
1024	2
1029	2
102	2
1030	2
1031	2
1050	2
1059	2
1061	2
1066	2
1067	2
1078	2
1083	2
1086	2
1094	2
1099	2
1101	2
1103	2
1106	2
1108	2
1109	2
1110	2
1112	2
1117	2
1159	2
1169	2
116	2
1174	2
1187	2
1191	2
1192	2
1194	2
1199	2
1205	2
1206	2
1209	2
1210	2
1214	2
1219	2
1226	2
1238	2
123	2
1245	2
1274	2
127	2
1281	2
1300	2
1302	2
1304	2
1310	2
1311	2
1323	2
1325	2
1328	2
1329	2
1331	2
1339	2
1341	2
1355	2
1357	2
1362	2
1370	2
1372	2
138	2
1391	2
1397	2
1406	2
1413	2
1425	2
1428	2
1431	2
1432	2
1445	2
1458	2
1463	2
1465	2
1470	2
1473	2
1474	2
1475	2
1491	2
1495	2
1499	2
150	2
1516	2
1518	2
151	2
1520	2
1522	2
1527	2
1531	2
1532	2
1533	2
1534	2
1536	2
1546	2
1549	2
1552	2
1553	2
155	2
1573	2
1574	2
1585	2
1586	2
1591	2
1599	2
1601	2
1602	2
1603	2
1619	2
1626	2
162	2
1637	2
1639	2
1641	2
1643	2
1646	2
1648	2
1683	2
1686	2
1688	2
1700	2
1702	2
1704	2
1707	2
1717	2
1731	2
1733	2
1746	2
1760	2
1762	2
1779	2
177	2
1784	2
1786	2
1788	2
1793	2
1797	2
1798	2
1800	2
1801	2
1808	2
1809	2
1815	2
1824	2
1826	2
1828	2
1829	2
1830	2
1833	2
1837	2
1838	2
1839	2
183	2
1841	2
1842	2
1845	2
1848	2
1849	2
1851	2
1853	2
1861	2
1864	2
1870	2
1875	2
1876	2
1877	2
1880	2
1881	2
1884	2
1885	2
188	2
1898	2
1899	2
189	2
1901	2
1902	2
1904	2
1906	2
190	2
1911	2
1914	2
191	2
1920	2
1928	2
192	2
1934	2
1935	2
1937	2
1942	2
1946	2
1950	2
1958	2
1962	2
1965	2
1967	2
1969	2
1972	2
1976	2
1978	2
1980	2
1985	2
1986	2
1989	2
1990	2
1992	2
2001	2
2005	2
2007	2
2009	2
2013	2
2014	2
2018	2
2019	2
2023	2
2024	2
202	2
2031	2
2032	2
2034	2
2036	2
2039	2
2043	2
2052	2
2055	2
2056	2
205	2
2064	2
2066	2
2067	2
2069	2
206	2
2075	2
2081	2
2083	2
2084	2
208	2
2095	2
2096	2
2097	2
2098	2
2099	2
2100	2
2102	2
2109	2
2114	2
2115	2
2119	2
2120	2
2122	2
2123	2
2124	2
2130	2
2131	2
2132	2
2144	2
2145	2
2147	2
2148	2
2153	2
2156	2
2160	2
2168	2
2172	2
2174	2
2181	2
2185	2
2186	2
2189	2
2208	2
2209	2
2218	2
221	2
2225	2
2226	2
2232	2
2241	2
2243	2
2247	2
2253	2
2256	2
2259	2
2261	2
2263	2
2264	2
2266	2
2269	2
2278	2
227	2
2280	2
2282	2
2286	2
2288	2
2289	2
2290	2
2293	2
2295	2
2296	2
2297	2
2298	2
2299	2
2304	2
2305	2
2306	2
2310	2
2311	2
2314	2
2315	2
2317	2
2318	2
2321	2
2324	2
2325	2
2333	2
2337	2
2343	2
2344	2
234	2
2351	2
2352	2
2354	2
2356	2
235	2
2363	2
2371	2
2373	2
2377	2
2378	2
2380	2
2386	2
2392	2
2393	2
239	2
2400	2
2402	2
2403	2
2408	2
2411	2
2413	2
2415	2
2417	2
2418	2
2419	2
2421	2
2422	2
2423	2
2430	2
2437	2
2443	2
2444	2
2448	2
245	2
2462	2
2467	2
2468	2
2469	2
2471	2
2474	2
2483	2
2489	2
2490	2
2492	2
2493	2
2504	2
2507	2
2508	2
2516	2
2517	2
2519	2
251	2
2523	2
2529	2
2531	2
2536	2
2542	2
2550	2
2551	2
2552	2
2560	2
2569	2
2571	2
2573	2
2577	2
257	2
2587	2
258	2
2590	2
2598	2
2601	2
2607	2
2620	2
2623	2
2626	2
2627	2
262	2
2634	2
2635	2
2636	2
2649	2
2650	2
2652	2
2654	2
2656	2
2658	2
2659	2
265	2
2664	2
2666	2
2671	2
2672	2
2674	2
2675	2
2677	2
2678	2
2679	2
2680	2
2681	2
2682	2
2686	2
2687	2
268	2
2690	2
2693	2
2696	2
2698	2
2700	2
2704	2
2705	2
2706	2
2707	2
2711	2
2712	2
2714	2
2717	2
271	2
2720	2
2722	2
2723	2
2729	2
2730	2
2732	2
2733	2
2734	2
2743	2
2748	2
274	2
2750	2
2753	2
2754	2
2755	2
2756	2
2757	2
2759	2
275	2
2771	2
2775	2
2778	2
2779	2
2785	2
2786	2
2789	2
2790	2
2792	2
2795	2
2798	2
2801	2
2803	2
2805	2
2807	2
280	2
2812	2
2822	2
2827	2
2829	2
2830	2
2833	2
2836	2
2837	2
2838	2
2839	2
283	2
2840	2
2842	2
2848	2
2849	2
284	2
2855	2
2857	2
2859	2
285	2
2866	2
2867	2
2869	2
2882	2
2883	2
2890	2
289	2
2904	2
2906	2
2910	2
2913	2
2914	2
2915	2
2923	2
2924	2
292	2
2935	2
2936	2
2942	2
2943	2
2948	2
2949	2
2951	2
2956	2
2959	2
295	2
2961	2
2962	2
2963	2
2964	2
2967	2
2968	2
296	2
2970	2
2971	2
2977	2
2982	2
2984	2
2989	2
298	2
2992	2
2994	2
2998	2
3004	2
3007	2
3008	2
3015	2
3017	2
3019	2
3026	2
3029	2
3038	2
3039	2
3041	2
3048	2
3049	2
304	2
3050	2
3052	2
3053	2
3056	2
3057	2
3060	2
3061	2
3065	2
3068	2
3069	2
306	2
3071	2
3073	2
3075	2
307	2
3083	2
3086	2
308	2
3093	2
3097	2
3105	2
3108	2
3109	2
3117	2
3119	2
3122	2
3123	2
3125	2
3127	2
3128	2
3130	2
3140	2
3142	2
3145	2
3146	2
3147	2
3158	2
316	2
3179	2
3184	2
318	2
3190	2
3194	2
3196	2
3203	2
3204	2
3206	2
3208	2
3209	2
3220	2
3232	2
3234	2
3236	2
3237	2
3242	2
3245	2
3246	2
3255	2
3259	2
3260	2
3261	2
3277	2
3278	2
327	2
3284	2
3288	2
3296	2
3301	2
3308	2
3309	2
3310	2
3311	2
3315	2
3324	2
3334	2
3339	2
3340	2
3343	2
3345	2
3346	2
3353	2
3363	2
3365	2
3371	2
3374	2
3377	2
3379	2
3384	2
3385	2
3389	2
338	2
3398	2
3401	2
3403	2
3408	2
3414	2
3419	2
3423	2
3425	2
3429	2
3430	2
3437	2
3438	2
3439	2
3440	2
3444	2
3448	2
3451	2
3456	2
3459	2
3460	2
3462	2
3468	2
346	2
3474	2
3481	2
3484	2
3486	2
3496	2
3497	2
3500	2
3503	2
3506	2
351	2
3528	2
3541	2
354	2
3557	2
355	2
3573	2
3583	2
3602	2
3608	2
3627	2
3663	2
367	2
3680	2
3681	2
3683	2
3689	2
368	2
369	2
370	2
3715	2
3721	2
3728	2
374	2
375	2
3762	2
3780	2
3782	2
3787	2
379	2
3811	2
3835	2
3837	2
3848	2
3864	2
3875	2
3876	2
387	2
3891	2
3892	2
3893	2
3907	2
3908	2
3911	2
3916	2
3925	2
3935	2
3943	2
3946	2
3966	2
3984	2
3991	2
4004	2
4005	2
4014	2
4016	2
401	2
4021	2
4032	2
4037	2
4051	2
4053	2
4054	2
4056	2
4060	2
4066	2
4067	2
4068	2
4069	2
4072	2
4092	2
4097	2
4098	2
4109	2
410	2
4123	2
4129	2
412	2
4136	2
4145	2
4146	2
4149	2
4150	2
4152	2
4153	2
4156	2
4157	2
4159	2
4160	2
4166	2
4169	2
417	2
4184	2
4188	2
4190	2
4194	2
4198	2
4199	2
419	2
4205	2
4208	2
4209	2
420	2
4212	2
4215	2
421	2
4226	2
4230	2
4235	2
4242	2
4245	2
4251	2
4252	2
4253	2
425	2
4269	2
4273	2
4274	2
4276	2
4287	2
4288	2
4292	2
4295	2
4296	2
429	2
42	2
4300	2
4301	2
4302	2
4304	2
4312	2
4313	2
4318	2
4320	2
4325	2
4327	2
4329	2
432	2
4331	2
4335	2
4337	2
433	2
4341	2
4347	2
4356	2
4367	2
4374	2
4382	2
4383	2
4389	2
438	2
4390	2
4393	2
4395	2
4399	2
4400	2
4403	2
4407	2
4409	2
4411	2
4423	2
4427	2
4428	2
4431	2
4435	2
443	2
4443	2
4446	2
4456	2
4457	2
4463	2
446	2
4474	2
4478	2
4482	2
448	2
4495	2
4505	2
4510	2
4520	2
4523	2
4530	2
4533	2
4541	2
4554	2
4556	2
4558	2
4561	2
4563	2
4567	2
4570	2
4575	2
4580	2
4581	2
4582	2
4586	2
4588	2
4591	2
4601	2
4603	2
4605	2
460	2
4613	2
4614	2
4617	2
4625	2
4627	2
4633	2
4634	2
4637	2
4644	2
4651	2
4656	2
4657	2
4663	2
4674	2
4680	2
4691	2
4693	2
4699	2
4706	2
4709	2
470	2
4737	2
473	2
4744	2
4747	2
4754	2
475	2
4763	2
4768	2
4772	2
4773	2
4775	2
4776	2
477	2
4782	2
4792	2
4793	2
4797	2
479	2
4801	2
480	2
4811	2
4812	2
4813	2
4818	2
4822	2
4823	2
4826	2
4829	2
4833	2
4834	2
4839	2
4849	2
484	2
4850	2
4852	2
4854	2
4855	2
4871	2
4875	2
4877	2
487	2
4887	2
488	2
4891	2
4892	2
4907	2
4914	2
492	2
494	2
496	2
499	2
4	2
500	2
501	2
503	2
504	2
505	2
507	2
511	2
512	2
518	2
521	2
525	2
526	2
535	2
536	2
538	2
554	2
558	2
563	2
573	2
577	2
584	2
586	2
587	2
588	2
592	2
596	2
607	2
610	2
614	2
617	2
618	2
627	2
640	2
641	2
645	2
652	2
655	2
670	2
672	2
678	2
683	2
685	2
687	2
693	2
697	2
69	2
714	2
728	2
72	2
730	2
735	2
751	2
753	2
758	2
75	2
762	2
767	2
785	2
787	2
790	2
794	2
795	2
797	2
801	2
802	2
813	2
818	2
821	2
822	2
823	2
824	2
825	2
82	2
844	2
846	2
851	2
875	2
878	2
883	2
895	2
897	2
908	2
922	2
931	2
940	2
941	2
945	2
969	2
972	2
974	2
976	2
977	2
981	2
984	2
987	2
988	2
991	2
992	2
993	2
994	2
998	2
999	2
99	2
1005	3
1017	3
104	3
1051	3
1053	3
1069	3
1072	3
1074	3
1081	3
1082	3
1095	3
1096	3
1121	3
1129	3
1137	3
1142	3
1160	3
1164	3
1166	3
1170	3
1176	3
1193	3
1196	3
1201	3
1204	3
1207	3
1212	3
1232	3
1246	3
1255	3
1261	3
1264	3
1268	3
126	3
1273	3
1298	3
1312	3
1320	3
1326	3
1337	3
134	3
1351	3
1356	3
135	3
1361	3
1367	3
1369	3
1377	3
1385	3
1387	3
1395	3
1398	3
1399	3
1402	3
1403	3
1404	3
1405	3
1409	3
1410	3
1411	3
1420	3
1421	3
1423	3
1424	3
1429	3
1430	3
1433	3
1434	3
1437	3
1440	3
1441	3
1447	3
1456	3
1457	3
1466	3
1472	3
1476	3
1477	3
1481	3
1483	3
1484	3
1488	3
1489	3
1494	3
1496	3
1498	3
1501	3
1503	3
1505	3
1506	3
1507	3
1508	3
1510	3
1511	3
1517	3
1519	3
1521	3
1526	3
1547	3
1558	3
1561	3
1562	3
1564	3
1569	3
1570	3
1572	3
1577	3
1581	3
1582	3
1583	3
1584	3
1587	3
1593	3
1595	3
1630	3
1633	3
163	3
1645	3
1650	3
1651	3
1656	3
1658	3
1659	3
1660	3
1662	3
1672	3
1675	3
1681	3
1685	3
1687	3
1691	3
1693	3
1695	3
1705	3
1708	3
1710	3
1711	3
1716	3
1718	3
1720	3
1721	3
1722	3
1723	3
1724	3
1727	3
1732	3
1736	3
1739	3
1747	3
1749	3
1750	3
1758	3
1761	3
1771	3
1772	3
1773	3
1782	3
1787	3
1790	3
1792	3
1796	3
1799	3
1804	3
1806	3
1816	3
1821	3
1840	3
1846	3
1847	3
1858	3
1866	3
186	3
1871	3
1872	3
1873	3
1879	3
1882	3
1892	3
1900	3
1908	3
1910	3
1933	3
1939	3
193	3
1947	3
1951	3
1957	3
1959	3
195	3
1963	3
1968	3
196	3
1971	3
1973	3
1974	3
1975	3
1981	3
1982	3
1995	3
1996	3
1998	3
199	3
2000	3
200	3
2012	3
2020	3
2021	3
2028	3
2037	3
2048	3
204	3
2050	3
2060	3
2061	3
2062	3
2063	3
2065	3
2074	3
2076	3
2078	3
2080	3
2091	3
2092	3
2093	3
2094	3
20	3
2101	3
2103	3
2104	3
2106	3
2107	3
2108	3
2113	3
2116	3
2117	3
2121	3
2125	3
2126	3
2128	3
2129	3
212	3
2134	3
2140	3
2146	3
2150	3
2152	3
2154	3
2155	3
2163	3
2164	3
2166	3
2167	3
2171	3
2177	3
2179	3
217	3
2180	3
2182	3
2183	3
2188	3
2193	3
2195	3
2198	3
2199	3
2200	3
2205	3
2206	3
2210	3
2212	3
2213	3
2214	3
2216	3
2217	3
2221	3
2223	3
2227	3
2229	3
2236	3
2237	3
2242	3
2245	3
2248	3
2250	3
2255	3
2257	3
225	3
226	3
2271	3
2274	3
2283	3
2285	3
2291	3
2294	3
2307	3
2308	3
2309	3
2313	3
2316	3
2323	3
2327	3
2328	3
2329	3
2338	3
2339	3
2340	3
2345	3
2346	3
2348	3
2350	3
2353	3
2355	3
2357	3
2361	3
2362	3
2364	3
2368	3
2369	3
2372	3
2376	3
2379	3
2383	3
2387	3
2396	3
2397	3
2401	3
2404	3
2406	3
2409	3
240	3
2416	3
2420	3
2424	3
242	3
2432	3
2436	3
2439	3
2442	3
2445	3
2449	3
2450	3
2451	3
2453	3
2458	3
2460	3
2461	3
2466	3
2472	3
2473	3
2477	3
2480	3
2482	3
2485	3
2487	3
2491	3
2494	3
2497	3
249	3
2506	3
2509	3
2512	3
2513	3
2520	3
2521	3
2524	3
2525	3
2528	3
252	3
2532	3
2535	3
2543	3
2544	3
2548	3
2553	3
2554	3
255	3
2572	3
2578	3
2579	3
2580	3
2586	3
2589	3
258	3
2592	3
2594	3
2602	3
2604	3
2610	3
2612	3
2613	3
2615	3
2619	3
2624	3
2625	3
2628	3
262	3
2637	3
2638	3
2639	3
2647	3
2655	3
2660	3
2668	3
266	3
2683	3
2688	3
2689	3
2691	3
2694	3
2699	3
2703	3
2705	3
2708	3
2715	3
2716	3
2719	3
2721	3
2728	3
2735	3
2736	3
2739	3
2742	3
2744	3
2745	3
2747	3
2751	3
2758	3
2760	3
2762	3
2763	3
2764	3
2768	3
2770	3
2780	3
2791	3
2793	3
2796	3
2797	3
2802	3
2806	3
2813	3
2816	3
2817	3
2820	3
2821	3
2828	3
2832	3
2834	3
2835	3
2841	3
2845	3
2851	3
2852	3
2853	3
2856	3
2860	3
2862	3
2865	3
2868	3
2871	3
2874	3
2875	3
2876	3
2877	3
2878	3
2886	3
2894	3
2896	3
2898	3
2899	3
2900	3
2916	3
2919	3
2920	3
2921	3
2925	3
2926	3
2927	3
2931	3
2933	3
2945	3
2946	3
2950	3
2957	3
2958	3
2972	3
2975	3
2976	3
2980	3
2981	3
2990	3
2995	3
2996	3
3009	3
3010	3
3013	3
3014	3
3020	3
3022	3
3027	3
3031	3
3034	3
3037	3
3040	3
3042	3
3043	3
3045	3
3051	3
3063	3
3066	3
3072	3
3077	3
3078	3
3088	3
3089	3
3090	3
3091	3
3094	3
3095	3
3096	3
3102	3
3104	3
3106	3
3110	3
3111	3
3112	3
3113	3
3115	3
3116	3
3120	3
3131	3
3136	3
3137	3
3138	3
3141	3
3144	3
3161	3
3165	3
3168	3
3202	3
3214	3
3224	3
3225	3
3248	3
3258	3
3262	3
3263	3
3264	3
3266	3
3267	3
3268	3
326	3
3271	3
3274	3
3279	3
3280	3
3281	3
3282	3
3283	3
3286	3
3287	3
3298	3
3303	3
3305	3
3306	3
3307	3
3312	3
3313	3
3316	3
3318	3
3319	3
3320	3
3323	3
3329	3
3330	3
3331	3
3335	3
3337	3
3341	3
3342	3
3344	3
3347	3
3348	3
3349	3
3352	3
3354	3
3355	3
3356	3
3357	3
3358	3
3361	3
3367	3
3370	3
3372	3
3375	3
3383	3
3386	3
3391	3
3393	3
3394	3
3395	3
3396	3
3397	3
3404	3
3407	3
3410	3
3411	3
3412	3
3413	3
3415	3
3416	3
3417	3
3418	3
3420	3
3421	3
3426	3
3428	3
3432	3
3433	3
3434	3
3436	3
3443	3
3445	3
3449	3
3455	3
3458	3
3463	3
3465	3
3467	3
3470	3
3471	3
3472	3
3473	3
3478	3
3480	3
3482	3
3483	3
3487	3
3493	3
3495	3
3504	3
3515	3
3520	3
3522	3
3527	3
3531	3
3533	3
3545	3
3554	3
3560	3
3565	3
3581	3
3605	3
3606	3
3611	3
3617	3
3620	3
3626	3
3641	3
3647	3
3649	3
364	3
3652	3
3660	3
3674	3
3675	3
3678	3
3685	3
3690	3
3692	3
3696	3
3709	3
3716	3
3717	3
3720	3
3726	3
3735	3
3738	3
3741	3
3742	3
3749	3
3765	3
3767	3
376	3
3770	3
3771	3
3783	3
3784	3
3791	3
3794	3
3801	3
3815	3
3818	3
3823	3
3830	3
3853	3
3855	3
3867	3
3871	3
3878	3
3880	3
3886	3
3890	3
3901	3
3909	3
3913	3
3923	3
3928	3
3933	3
3936	3
3939	3
3975	3
398	3
4002	3
4007	3
4009	3
4011	3
4015	3
4022	3
4024	3
4036	3
4062	3
4076	3
4084	3
4087	3
4091	3
4099	3
4103	3
4117	3
4120	3
4121	3
4126	3
4127	3
4131	3
4135	3
4139	3
414	3
4178	3
4185	3
4189	3
4192	3
4202	3
4204	3
4207	3
4222	3
422	3
4232	3
4234	3
423	3
4246	3
4255	3
4257	3
4259	3
4261	3
4267	3
4268	3
426	3
428	3
4290	3
4294	3
4298	3
4303	3
4307	3
430	3
4323	3
4333	3
4334	3
4343	3
4345	3
4346	3
4351	3
4353	3
4357	3
4358	3
4360	3
4361	3
4363	3
4364	3
4366	3
4371	3
4372	3
4377	3
4384	3
4385	3
4386	3
4391	3
4398	3
4405	3
4410	3
4418	3
4421	3
4424	3
4426	3
4442	3
4444	3
4447	3
4450	3
4451	3
4452	3
4462	3
4464	3
4466	3
4467	3
4473	3
4477	3
4480	3
4484	3
4487	3
4491	3
4496	3
4497	3
4498	3
4499	3
449	3
4500	3
4503	3
4504	3
4506	3
4508	3
4509	3
4513	3
4519	3
4524	3
4526	3
452	3
4535	3
4545	3
4546	3
4548	3
4549	3
454	3
4550	3
4551	3
4557	3
4566	3
4571	3
4577	3
4583	3
4585	3
4587	3
458	3
4590	3
4595	3
4597	3
4602	3
4622	3
4626	3
4630	3
4632	3
4636	3
4640	3
4643	3
4647	3
4649	3
4650	3
4653	3
4655	3
4659	3
4661	3
4666	3
4667	3
466	3
4670	3
4676	3
467	3
4686	3
468	3
4694	3
4698	3
469	3
4700	3
4705	3
4710	3
4711	3
4713	3
4714	3
4715	3
4716	3
4717	3
4725	3
4730	3
4733	3
4735	3
4742	3
4743	3
4745	3
4748	3
4749	3
4750	3
4755	3
4756	3
4758	3
4759	3
4762	3
4764	3
4765	3
4766	3
476	3
4771	3
4774	3
4780	3
4790	3
4794	3
4799	3
4803	3
4804	3
4810	3
4815	3
4820	3
4827	3
4837	3
4838	3
483	3
4840	3
4848	3
4857	3
4859	3
4862	3
4864	3
4878	3
4881	3
4885	3
4886	3
4890	3
4893	3
4895	3
4896	3
4900	3
4902	3
4904	3
4912	3
4913	3
4922	3
4923	3
4926	3
4927	3
4928	3
4933	3
4936	3
4938	3
4939	3
4946	3
4950	3
4958	3
4959	3
4960	3
4961	3
4962	3
4967	3
4968	3
4971	3
4972	3
4974	3
4975	3
4976	3
4977	3
4978	3
4980	3
4982	3
4985	3
4986	3
4988	3
4991	3
4992	3
4993	3
4997	3
4999	3
5002	3
5004	3
5007	3
5018	3
5021	3
5023	3
5027	3
5030	3
5031	3
5033	3
5034	3
5039	3
5040	3
5043	3
5046	3
5047	3
5048	3
5052	3
5053	3
5057	3
5058	3
5059	3
5067	3
5068	3
5070	3
5071	3
5079	3
5080	3
5081	3
5083	3
5084	3
5085	3
5086	3
5087	3
5088	3
5092	3
5093	3
5098	3
5099	3
5101	3
5102	3
5104	3
5107	3
5109	3
510	3
5110	3
5115	3
5117	3
5119	3
5121	3
5122	3
5123	3
5124	3
5126	3
5129	3
5131	3
5132	3
5135	3
5136	3
5138	3
513	3
5142	3
5143	3
5148	3
5149	3
5156	3
5158	3
5159	3
5164	3
5169	3
5176	3
5178	3
5184	3
5186	3
5191	3
5192	3
5194	3
5196	3
5198	3
51	3
5201	3
5202	3
5205	3
5206	3
5207	3
5210	3
5211	3
5212	3
5216	3
5219	3
5220	3
5223	3
5224	3
5225	3
5228	3
5230	3
5231	3
5232	3
5235	3
5236	3
5237	3
5238	3
5241	3
5243	3
5245	3
5247	3
5248	3
5249	3
524	3
5254	3
5255	3
5257	3
5261	3
5267	3
5269	3
5279	3
5281	3
5283	3
5284	3
5287	3
5288	3
5290	3
5297	3
5298	3
5300	3
5308	3
5309	3
530	3
5310	3
5321	3
5322	3
5323	3
5324	3
5325	3
5326	3
5327	3
5329	3
532	3
5331	3
5332	3
5335	3
5336	3
5339	3
533	3
5340	3
5341	3
5342	3
5344	3
5347	3
5356	3
5357	3
5372	3
5373	3
5376	3
5379	3
537	3
5380	3
5381	3
5387	3
5388	3
5390	3
5403	3
5405	3
5406	3
5408	3
5409	3
5410	3
5411	3
5412	3
5413	3
5416	3
5417	3
5418	3
541	3
5433	3
5435	3
5440	3
5447	3
5451	3
5458	3
5459	3
5461	3
5465	3
5471	3
5472	3
5476	3
5478	3
547	3
5480	3
5482	3
5485	3
5486	3
5487	3
5490	3
5497	3
5498	3
5499	3
549	3
5500	3
5506	3
5509	3
5511	3
5514	3
5517	3
5520	3
5521	3
5528	3
5529	3
5530	3
5533	3
5541	3
5545	3
5546	3
5553	3
5554	3
5556	3
5564	3
5565	3
5566	3
5567	3
5568	3
5570	3
5572	3
5577	3
5578	3
5579	3
557	3
5583	3
5585	3
5587	3
5597	3
5604	3
5605	3
5608	3
560	3
5612	3
5622	3
5623	3
5625	3
5628	3
5632	3
5633	3
5638	3
5649	3
5652	3
5653	3
5656	3
5657	3
5660	3
5663	3
5665	3
566	3
5671	3
5680	3
5684	3
5688	3
5689	3
5692	3
5694	3
5695	3
5702	3
5704	3
5706	3
5707	3
5712	3
5718	3
5727	3
5736	3
5737	3
5740	3
5747	3
5748	3
5749	3
5758	3
575	3
5762	3
5772	3
5774	3
5782	3
5785	3
5786	3
5788	3
578	3
5795	3
5796	3
5798	3
5799	3
5800	3
5801	3
5802	3
5805	3
5806	3
5807	3
580	3
5810	3
5815	3
5816	3
5819	3
581	3
5825	3
5826	3
5827	3
5829	3
5834	3
5835	3
583	3
5840	3
5842	3
5849	3
5852	3
5855	3
5856	3
585	3
5869	3
5875	3
5877	3
5885	3
5888	3
5889	3
5899	3
5902	3
5904	3
5909	3
5911	3
5913	3
5918	3
5919	3
5920	3
5924	3
5925	3
5927	3
5932	3
5935	3
5938	3
5948	3
5949	3
5950	3
5952	3
5959	3
5960	3
5965	3
5968	3
5971	3
598	3
599	3
600	3
602	3
6047	3
605	3
6093	3
6101	3
6102	3
6103	3
6108	3
6109	3
6111	3
6112	3
6115	3
6118	3
6120	3
6130	3
6132	3
6134	3
6137	3
6141	3
6145	3
6150	3
6151	3
6165	3
6175	3
6176	3
6178	3
6183	3
6194	3
6202	3
6209	3
6223	3
6228	3
622	3
6245	3
6253	3
6254	3
6258	3
6259	3
6261	3
6262	3
6263	3
6266	3
6267	3
6291	3
6293	3
6295	3
6299	3
6301	3
6311	3
6315	3
6318	3
6320	3
6326	3
6329	3
6331	3
6338	3
6341	3
6342	3
6343	3
6352	3
6353	3
6355	3
6357	3
6361	3
6368	3
6372	3
6375	3
6378	3
6385	3
6391	3
6392	3
6398	3
6399	3
6401	3
6402	3
6408	3
6409	3
6410	3
6414	3
6415	3
6420	3
6425	3
6438	3
6447	3
6449	3
6450	3
6454	3
6455	3
6460	3
6464	3
6469	3
6475	3
6482	3
6483	3
6489	3
6497	3
6499	3
6501	3
6503	3
6505	3
6507	3
6511	3
6512	3
6513	3
6514	3
6516	3
6518	3
6519	3
6521	3
6522	3
6526	3
6527	3
6532	3
6533	3
6534	3
6538	3
6539	3
6542	3
6546	3
6557	3
6559	3
6560	3
6563	3
6567	3
6568	3
6570	3
6574	3
6578	3
6579	3
6582	3
6598	3
6601	3
6602	3
6604	3
6605	3
6610	3
6611	3
6617	3
6618	3
6630	3
6631	3
6635	3
6641	3
6646	3
6648	3
6649	3
6653	3
6654	3
6657	3
6668	3
6670	3
6672	3
6680	3
6687	3
6689	3
6705	3
6706	3
6707	3
6728	3
6731	3
6733	3
6734	3
6744	3
6745	3
6746	3
6747	3
6750	3
6751	3
6752	3
6753	3
6762	3
6763	3
6774	3
6777	3
6781	3
6788	3
6791	3
6800	3
6819	3
6839	3
6860	3
6862	3
6863	3
6877	3
6883	3
6888	3
6889	3
6890	3
6892	3
6897	3
6898	3
6913	3
6919	3
6921	3
6925	3
6927	3
6934	3
6936	3
6949	3
6952	3
6954	3
6960	3
6962	3
6978	3
6980	3
6993	3
6994	3
7007	3
7014	3
7020	3
7033	3
7044	3
7051	3
7054	3
7069	3
7084	3
7092	3
7093	3
7109	3
7133	3
7144	3
7182	3
7205	3
7208	3
7209	3
7219	3
7224	3
7232	3
7235	3
7255	3
7266	3
7279	3
7296	3
7298	3
7305	3
7319	3
7327	3
732	3
733	3
7345	3
734	3
7350	3
7352	3
736	3
7378	3
7380	3
7395	3
7400	3
740	3
7426	3
7430	3
7432	3
7448	3
7449	3
7468	3
746	3
749	3
750	3
752	3
755	3
757	3
759	3
760	3
763	3
764	3
765	3
766	3
769	3
76	3
771	3
772	3
773	3
774	3
775	3
776	3
777	3
778	3
780	3
782	3
783	3
784	3
786	3
788	3
791	3
804	3
805	3
806	3
809	3
810	3
811	3
812	3
814	3
815	3
816	3
826	3
829	3
830	3
833	3
838	3
841	3
843	3
845	3
847	3
849	3
850	3
852	3
855	3
856	3
858	3
861	3
863	3
864	3
867	3
868	3
869	3
870	3
871	3
873	3
881	3
887	3
889	3
890	3
891	3
892	3
893	3
900	3
901	3
902	3
904	3
910	3
911	3
912	3
913	3
914	3
916	3
918	3
920	3
923	3
924	3
926	3
928	3
929	3
934	3
937	3
942	3
943	3
948	3
949	3
951	3
952	3
953	3
954	3
955	3
956	3
958	3
961	3
989	3
1043	4
1064	4
1069	4
1075	4
1119	4
1123	4
1126	4
1154	4
1188	4
1191	4
120	4
1224	4
1225	4
1247	4
1254	4
125	4
1287	4
129	4
1303	4
130	4
1318	4
1320	4
1321	4
136	4
1386	4
1399	4
1416	4
1432	4
1448	4
1450	4
1455	4
145	4
1463	4
1473	4
1479	4
1541	4
1544	4
1545	4
1560	4
1614	4
1654	4
1661	4
1664	4
1694	4
1714	4
1720	4
1729	4
1745	4
1759	4
1764	4
1769	4
1777	4
1807	4
1823	4
1855	4
185	4
1901	4
1936	4
1943	4
194	4
198	4
1997	4
1999	4
19	4
2037	4
2068	4
210	4
2155	4
215	4
2184	4
2214	4
229	4
2302	4
2324	4
2368	4
2435	4
2572	4
2588	4
2599	4
25	4
2617	4
2643	4
2650	4
2663	4
2692	4
2725	4
2784	4
2792	4
280	4
2815	4
2839	4
2860	4
2868	4
2880	4
2897	4
2972	4
2990	4
3002	4
3025	4
3049	4
3101	4
3108	4
3114	4
3156	4
3197	4
3207	4
3213	4
3238	4
3286	4
3368	4
3435	4
3462	4
3469	4
3494	4
3508	4
3570	4
3631	4
3636	4
3654	4
3700	4
3730	4
3735	4
3736	4
3740	4
3742	4
3756	4
3773	4
3790	4
3805	4
3810	4
3813	4
3854	4
3856	4
3954	4
3963	4
396	4
397	4
4034	4
4035	4
4092	4
4116	4
4124	4
4144	4
4173	4
4193	4
4241	4
424	4
4303	4
4358	4
4359	4
4368	4
436	4
437	4
4441	4
4458	4
4460	4
4535	4
4566	4
4612	4
4625	4
4668	4
4670	4
4685	4
4707	4
472	4
4748	4
4764	4
4777	4
4793	4
479	4
4808	4
4844	4
4846	4
4853	4
4856	4
48	4
4904	4
4906	4
4924	4
4929	4
4956	4
4957	4
4963	4
5045	4
506	4
5127	4
5145	4
5157	4
5174	4
5231	4
5274	4
5275	4
5276	4
5296	4
5317	4
5351	4
5358	4
5360	4
5369	4
5375	4
5382	4
5384	4
5393	4
5398	4
5423	4
5426	4
5436	4
5445	4
5454	4
5463	4
5466	4
5475	4
5483	4
5488	4
5493	4
5508	4
5515	4
5527	4
5532	4
5543	4
5552	4
5563	4
5574	4
5581	4
5582	4
5591	4
5592	4
5600	4
5602	4
5603	4
5606	4
5613	4
5626	4
5629	4
5639	4
5640	4
5642	4
5645	4
5651	4
5666	4
5672	4
5677	4
5682	4
5683	4
5685	4
5689	4
5696	4
5708	4
5713	4
5717	4
5719	4
5722	4
5732	4
5733	4
573	4
5744	4
5745	4
5752	4
5753	4
5761	4
5769	4
5776	4
5787	4
5790	4
5792	4
5797	4
5804	4
5812	4
5814	4
5817	4
5822	4
5830	4
5831	4
5833	4
5837	4
5839	4
5850	4
5854	4
5863	4
5868	4
5892	4
5895	4
5901	4
5906	4
5917	4
5929	4
5936	4
5939	4
5941	4
5943	4
5944	4
5953	4
5954	4
5961	4
5964	4
5966	4
596	4
5974	4
5976	4
5993	4
6034	4
6036	4
6079	4
6104	4
6121	4
6161	4
6164	4
6166	4
6172	4
6179	4
6180	4
6181	4
6182	4
6186	4
6188	4
6189	4
6191	4
6195	4
6210	4
6216	4
6217	4
6219	4
621	4
6224	4
6230	4
6233	4
6235	4
6236	4
6238	4
6239	4
6242	4
6246	4
6250	4
6251	4
6256	4
6274	4
6276	4
6297	4
6301	4
6315	4
631	4
6331	4
6346	4
6358	4
636	4
6384	4
6390	4
6395	4
646	4
6484	4
6600	4
6641	4
6664	4
667	4
6697	4
6739	4
6759	4
6765	4
6777	4
6783	4
6793	4
6795	4
6798	4
6835	4
6849	4
6870	4
6872	4
6882	4
6884	4
6904	4
6906	4
6907	4
6918	4
6931	4
6933	4
6944	4
6955	4
6956	4
6957	4
6966	4
6970	4
6971	4
6983	4
6985	4
6999	4
7002	4
7003	4
7005	4
7016	4
7023	4
7025	4
7032	4
7038	4
7040	4
7041	4
7042	4
7050	4
7057	4
7061	4
7065	4
706	4
7073	4
7074	4
7076	4
7087	4
7088	4
7094	4
7099	4
7106	4
7111	4
7116	4
7117	4
7124	4
7125	4
7127	4
7129	4
7136	4
7148	4
7150	4
7157	4
715	4
7162	4
7169	4
7174	4
7175	4
7179	4
7180	4
7195	4
7197	4
7199	4
7215	4
7216	4
7220	4
7223	4
7226	4
7231	4
7236	4
7249	4
7252	4
7258	4
7259	4
7264	4
7267	4
726	4
7270	4
7272	4
7281	4
7282	4
7283	4
7291	4
72	4
7301	4
7320	4
7330	4
7343	4
7354	4
7358	4
7359	4
7360	4
7361	4
7368	4
7370	4
7375	4
7376	4
7380	4
7383	4
7389	4
7404	4
7408	4
7416	4
7418	4
7427	4
7434	4
7435	4
7438	4
7445	4
744	4
7455	4
7460	4
7467	4
7470	4
7471	4
7479	4
747	4
7482	4
7483	4
7484	4
7489	4
7501	4
7506	4
7510	4
7520	4
7525	4
7527	4
7531	4
7533	4
7534	4
7535	4
7539	4
7540	4
7546	4
754	4
7554	4
7558	4
7559	4
7567	4
7572	4
7587	4
7589	4
7591	4
7593	4
7594	4
7596	4
7599	4
7607	4
7609	4
787	4
799	4
802	4
820	4
840	4
852	4
865	4
882	4
903	4
926	4
927	4
944	4
950	4
959	4
978	4
980	4
