1
2
3
4
5
7
10
12
17
18
19
20
22
25
41
42
44
46
48
49
51
63
64
69
70
72
75
76
82
84
85
87
89
92
94
97
98
99
100
102
103
104
105
107
108
110
111
112
113
115
116
117
118
120
122
123
124
125
126
127
128
129
130
131
134
135
136
137
138
139
141
142
144
145
148
149
150
151
152
153
155
156
157
159
161
162
163
165
166
167
168
171
172
173
174
176
177
179
180
183
185
186
188
189
190
191
192
193
194
195
196
197
198
199
200
201
202
203
204
205
206
208
209
210
211
212
214
215
216
217
219
220
221
222
223
225
226
227
229
232
234
235
237
238
239
240
241
242
244
245
246
247
248
249
250
251
252
253
254
255
256
257
258
260
261
262
263
265
266
268
269
270
271
273
274
275
276
277
279
280
281
282
283
284
285
288
289
291
292
294
295
296
297
298
299
301
302
303
304
305
306
307
308
312
313
314
315
316
317
318
319
321
323
326
327
330
331
332
333
337
338
339
340
341
343
344
345
346
348
349
350
351
352
353
354
355
356
360
361
364
365
366
367
368
369
370
371
372
373
374
375
376
377
379
384
385
386
387
388
392
393
396
397
398
401
403
408
409
410
412
413
414
415
416
417
419
420
421
422
423
424
425
426
427
428
429
430
431
432
433
435
436
437
438
439
440
442
443
444
446
448
449
452
454
456
457
458
459
460
463
464
465
466
467
468
469
470
471
472
473
474
475
476
477
478
479
480
481
483
484
486
487
488
490
492
494
496
497
499
500
501
503
504
505
506
507
508
509
510
511
512
513
517
518
519
520
521
523
524
525
526
528
530
531
532
533
534
535
536
537
538
541
542
543
546
547
548
549
550
551
554
555
557
558
560
561
563
564
566
567
568
569
571
572
573
574
575
577
578
580
581
582
583
584
585
586
587
588
590
592
593
596
597
598
599
600
601
602
605
607
610
614
617
618
620
621
622
627
631
636
640
641
645
646
652
655
663
667
670
672
676
678
683
685
687
688
693
697
706
714
715
723
726
728
730
732
733
734
735
736
738
740
744
746
747
749
750
751
752
753
754
755
756
757
758
759
760
762
763
764
765
766
767
769
771
772
773
774
775
776
777
778
780
782
783
784
785
786
787
788
790
791
794
795
797
799
800
801
802
804
805
806
809
810
811
812
813
814
815
816
818
820
821
822
823
824
825
826
829
830
833
834
835
837
838
840
841
842
843
844
845
846
847
849
850
851
852
853
855
856
857
858
861
863
864
865
867
868
869
870
871
872
873
874
875
878
880
881
882
883
884
887
889
890
891
892
893
895
896
897
900
901
902
903
904
906
907
908
910
911
912
913
914
916
918
920
921
922
923
924
926
927
928
929
931
934
935
937
938
939
940
941
942
943
944
945
948
949
950
951
952
953
954
955
956
958
959
961
969
972
974
976
977
978
980
981
984
987
988
989
991
992
993
994
998
999
1002
1005
1007
1014
1017
1019
1022
1024
1029
1030
1031
1043
1050
1051
1052
1053
1059
1060
1061
1064
1066
1067
1069
1070
1072
1074
1075
1078
1081
1082
1083
1086
1089
1094
1095
1096
1099
1101
1103
1106
1108
1109
1110
1112
1117
1119
1121
1123
1126
1127
1129
1137
1142
1152
1154
1159
1160
1161
1163
1164
1166
1169
1170
1174
1176
1187
1188
1191
1192
1193
1194
1196
1198
1199
1201
1203
1204
1205
1206
1207
1209
1210
1212
1214
1219
1224
1225
1226
1227
1232
1238
1239
1240
1241
1245
1246
1247
1254
1255
1257
1258
1261
1264
1268
1270
1273
1274
1276
1278
1281
1287
1288
1298
1300
1301
1302
1303
1304
1305
1306
1307
1310
1311
1312
1318
1320
1321
1323
1325
1326
1328
1329
1331
1332
1336
1337
1338
1339
1341
1342
1351
1355
1356
1357
1358
1359
1360
1361
1362
1363
1364
1366
1367
1369
1370
1372
1377
1385
1386
1387
1391
1395
1396
1397
1398
1399
1402
1403
1404
1405
1406
1409
1410
1411
1413
1416
1420
1421
1423
1424
1425
1428
1429
1430
1431
1432
1433
1434
1435
1436
1437
1440
1441
1445
1447
1448
1450
1455
1456
1457
1458
1463
1465
1466
1470
1472
1473
1474
1475
1476
1477
1479
1480
1481
1483
1484
1486
1488
1489
1491
1494
1495
1496
1498
1499
1501
1503
1505
1506
1507
1508
1510
1511
1515
1516
1517
1518
1519
1520
1521
1522
1526
1527
1529
1531
1532
1533
1534
1536
1537
1541
1544
1545
1546
1547
1549
1552
1553
1557
1558
1560
1561
1562
1563
1564
1567
1569
1570
1572
1573
1574
1577
1581
1582
1583
1584
1585
1586
1587
1589
1590
1591
1593
1595
1598
1599
1601
1602
1603
1608
1609
1613
1614
1615
1616
1618
1619
1621
1622
1626
1627
1628
1629
1630
1632
1633
1637
1639
1641
1643
1645
1646
1647
1648
1650
1651
1654
1655
1656
1658
1659
1660
1661
1662
1664
1665
1669
1672
1675
1677
1681
1683
1684
1685
1686
1687
1688
1691
1692
1693
1694
1695
1700
1702
1704
1705
1706
1707
1708
1710
1711
1713
1714
1715
1716
1717
1718
1720
1721
1722
1723
1724
1725
1726
1727
1729
1731
1732
1733
1736
1738
1739
1745
1746
1747
1749
1750
1751
1754
1758
1759
1760
1761
1762
1764
1769
1771
1772
1773
1777
1779
1781
1782
1783
1784
1786
1787
1788
1790
1792
1793
1796
1797
1798
1799
1800
1801
1802
1803
1804
1805
1806
1807
1808
1809
1812
1813
1814
1815
1816
1818
1819
1820
1821
1822
1823
1824
1825
1826
1828
1829
1830
1831
1832
1833
1835
1837
1838
1839
1840
1841
1842
1843
1845
1846
1847
1848
1849
1850
1851
1852
1853
1854
1855
1856
1857
1858
1860
1861
1862
1863
1864
1866
1870
1871
1872
1873
1874
1875
1876
1877
1878
1879
1880
1881
1882
1883
1884
1885
1886
1888
1889
1890
1891
1892
1893
1894
1895
1897
1898
1899
1900
1901
1902
1904
1905
1906
1908
1909
1910
1911
1913
1914
1915
1916
1917
1920
1921
1922
1923
1924
1925
1928
1929
1930
1931
1932
1933
1934
1935
1936
1937
1938
1939
1940
1942
1943
1944
1945
1946
1947
1950
1951
1952
1955
1957
1958
1959
1960
1961
1962
1963
1964
1965
1967
1968
1969
1970
1971
1972
1973
1974
1975
1976
1977
1978
1979
1980
1981
1982
1984
1985
1986
1988
1989
1990
1992
1995
1996
1997
1998
1999
2000
2001
2002
2004
2005
2007
2009
2010
2011
2012
2013
2014
2016
2017
2018
2019
2020
2021
2022
2023
2024
2025
2026
2028
2029
2031
2032
2033
2034
2035
2036
2037
2038
2039
2040
2042
2043
2044
2045
2046
2047
2048
2049
2050
2051
2052
2053
2055
2056
2059
2060
2061
2062
2063
2064
2065
2066
2067
2068
2069
2071
2072
2073
2074
2075
2076
2078
2079
2080
2081
2082
2083
2084
2086
2087
2091
2092
2093
2094
2095
2096
2097
2098
2099
2100
2101
2102
2103
2104
2105
2106
2107
2108
2109
2110
2111
2113
2114
2115
2116
2117
2119
2120
2121
2122
2123
2124
2125
2126
2128
2129
2130
2131
2132
2133
2134
2135
2137
2138
2140
2143
2144
2145
2146
2147
2148
2149
2150
2152
2153
2154
2155
2156
2159
2160
2162
2163
2164
2166
2167
2168
2169
2171
2172
2173
2174
2175
2177
2179
2180
2181
2182
2183
2184
2185
2186
2188
2189
2193
2194
2195
2198
2199
2200
2201
2202
2204
2205
2206
2208
2209
2210
2212
2213
2214
2215
2216
2217
2218
2219
2220
2221
2222
2223
2224
2225
2226
2227
2228
2229
2232
2236
2237
2241
2242
2243
2245
2246
2247
2248
2250
2252
2253
2255
2256
2257
2259
2260
2261
2263
2264
2266
2269
2271
2272
2273
2274
2276
2278
2279
2280
2281
2282
2283
2285
2286
2287
2288
2289
2290
2291
2293
2294
2295
2296
2297
2298
2299
2300
2302
2303
2304
2305
2306
2307
2308
2309
2310
2311
2312
2313
2314
2315
2316
2317
2318
2319
2321
2323
2324
2325
2327
2328
2329
2331
2332
2333
2335
2337
2338
2339
2340
2342
2343
2344
2345
2346
2348
2350
2351
2352
2353
2354
2355
2356
2357
2358
2361
2362
2363
2364
2365
2366
2367
2368
2369
2371
2372
2373
2374
2376
2377
2378
2379
2380
2383
2386
2387
2389
2390
2392
2393
2396
2397
2398
2399
2400
2401
2402
2403
2404
2406
2407
2408
2409
2410
2411
2413
2414
2415
2416
2417
2418
2419
2420
2421
2422
2423
2424
2426
2430
2432
2433
2435
2436
2437
2439
2440
2442
2443
2444
2445
2448
2449
2450
2451
2453
2457
2458
2460
2461
2462
2463
2466
2467
2468
2469
2470
2471
2472
2473
2474
2477
2479
2480
2481
2482
2483
2484
2485
2486
2487
2488
2489
2490
2491
2492
2493
2494
2497
2498
2503
2504
2506
2507
2508
2509
2512
2513
2516
2517
2519
2520
2521
2522
2523
2524
2525
2527
2528
2529
2530
2531
2532
2533
2534
2535
2536
2538
2541
2542
2543
2544
2545
2547
2548
2550
2551
2552
2553
2554
2555
2556
2559
2560
2561
2563
2564
2569
2571
2572
2573
2577
2578
2579
2580
2581
2582
2583
2585
2586
2587
2588
2589
2590
2592
2593
2594
2595
2597
2598
2599
2601
2602
2603
2604
2607
2608
2610
2612
2613
2615
2617
2619
2620
2623
2624
2625
2626
2627
2628
2631
2632
2634
2635
2636
2637
2638
2639
2640
2641
2643
2647
2649
2650
2652
2654
2655
2656
2658
2659
2660
2663
2664
2666
2668
2671
2672
2674
2675
2677
2678
2679
2680
2681
2682
2683
2686
2687
2688
2689
2690
2691
2692
2693
2694
2696
2698
2699
2700
2703
2704
2705
2706
2707
2708
2711
2712
2714
2715
2716
2717
2719
2720
2721
2722
2723
2725
2728
2729
2730
2732
2733
2734
2735
2736
2739
2742
2743
2744
2745
2747
2748
2750
2751
2753
2754
2755
2756
2757
2758
2759
2760
2762
2763
2764
2768
2770
2771
2775
2778
2779
2780
2784
2785
2786
2789
2790
2791
2792
2793
2795
2796
2797
2798
2801
2802
2803
2805
2806
2807
2812
2813
2815
2816
2817
2820
2821
2822
2827
2828
2829
2830
2832
2833
2834
2835
2836
2837
2838
2839
2840
2841
2842
2845
2848
2849
2851
2852
2853
2855
2856
2857
2859
2860
2862
2865
2866
2867
2868
2869
2871
2874
2875
2876
2877
2878
2880
2882
2883
2886
2890
2894
2896
2897
2898
2899
2900
2904
2906
2910
2913
2914
2915
2916
2919
2920
2921
2923
2924
2925
2926
2927
2931
2933
2935
2936
2942
2943
2945
2946
2948
2949
2950
2951
2956
2957
2958
2959
2961
2962
2963
2964
2967
2968
2970
2971
2972
2975
2976
2977
2980
2981
2982
2984
2989
2990
2992
2994
2995
2996
2998
3002
3004
3007
3008
3009
3010
3013
3014
3015
3017
3019
3020
3022
3025
3026
3027
3029
3031
3034
3037
3038
3039
3040
3041
3042
3043
3045
3048
3049
3050
3051
3052
3053
3056
3057
3060
3061
3063
3065
3066
3068
3069
3071
3072
3073
3075
3077
3078
3083
3086
3088
3089
3090
3091
3093
3094
3095
3096
3097
3101
3102
3104
3105
3106
3108
3109
3110
3111
3112
3113
3114
3115
3116
3117
3119
3120
3122
3123
3125
3127
3128
3130
3131
3136
3137
3138
3140
3141
3142
3144
3145
3146
3147
3156
3158
3161
3165
3168
3179
3184
3190
3194
3196
3197
3202
3203
3204
3206
3207
3208
3209
3213
3214
3220
3224
3225
3232
3234
3236
3237
3238
3242
3245
3246
3248
3255
3258
3259
3260
3261
3262
3263
3264
3266
3267
3268
3271
3274
3277
3278
3279
3280
3281
3282
3283
3284
3286
3287
3288
3296
3298
3301
3303
3305
3306
3307
3308
3309
3310
3311
3312
3313
3315
3316
3318
3319
3320
3323
3324
3329
3330
3331
3334
3335
3337
3339
3340
3341
3342
3343
3344
3345
3346
3347
3348
3349
3352
3353
3354
3355
3356
3357
3358
3361
3363
3365
3367
3368
3370
3371
3372
3374
3375
3377
3379
3383
3384
3385
3386
3389
3391
3393
3394
3395
3396
3397
3398
3401
3403
3404
3407
3408
3410
3411
3412
3413
3414
3415
3416
3417
3418
3419
3420
3421
3423
3425
3426
3428
3429
3430
3432
3433
3434
3435
3436
3437
3438
3439
3440
3443
3444
3445
3448
3449
3451
3455
3456
3458
3459
3460
3462
3463
3465
3467
3468
3469
3470
3471
3472
3473
3474
3478
3480
3481
3482
3483
3484
3486
3487
3493
3494
3495
3496
3497
3500
3503
3504
3506
3508
3515
3520
3522
3527
3528
3531
3533
3541
3545
3554
3557
3560
3565
3570
3573
3581
3583
3602
3605
3606
3608
3611
3617
3620
3626
3627
3631
3636
3641
3647
3649
3652
3654
3660
3663
3674
3675
3678
3680
3681
3683
3685
3689
3690
3692
3696
3700
3709
3715
3716
3717
3720
3721
3726
3728
3730
3735
3736
3738
3740
3741
3742
3749
3756
3762
3765
3767
3770
3771
3773
3780
3782
3783
3784
3787
3790
3791
3794
3801
3805
3810
3811
3813
3815
3818
3823
3830
3835
3837
3848
3853
3854
3855
3856
3864
3867
3871
3875
3876
3878
3880
3886
3890
3891
3892
3893
3901
3907
3908
3909
3911
3913
3916
3923
3925
3928
3933
3935
3936
3939
3943
3946
3954
3963
3966
3975
3984
3991
4002
4004
4005
4007
4009
4011
4014
4015
4016
4021
4022
4024
4032
4034
4035
4036
4037
4051
4053
4054
4056
4060
4062
4066
4067
4068
4069
4072
4076
4084
4087
4091
4092
4097
4098
4099
4103
4109
4116
4117
4120
4121
4123
4124
4126
4127
4129
4131
4135
4136
4139
4144
4145
4146
4149
4150
4152
4153
4156
4157
4159
4160
4166
4169
4173
4178
4184
4185
4188
4189
4190
4192
4193
4194
4198
4199
4202
4204
4205
4207
4208
4209
4212
4215
4222
4226
4230
4232
4234
4235
4241
4242
4245
4246
4251
4252
4253
4255
4257
4259
4261
4267
4268
4269
4273
4274
4276
4287
4288
4290
4292
4294
4295
4296
4298
4300
4301
4302
4303
4304
4307
4312
4313
4318
4320
4323
4325
4327
4329
4331
4333
4334
4335
4337
4341
4343
4345
4346
4347
4351
4353
4356
4357
4358
4359
4360
4361
4363
4364
4366
4367
4368
4371
4372
4374
4377
4382
4383
4384
4385
4386
4389
4390
4391
4393
4395
4398
4399
4400
4403
4405
4407
4409
4410
4411
4418
4421
4423
4424
4426
4427
4428
4431
4435
4441
4442
4443
4444
4446
4447
4450
4451
4452
4456
4457
4458
4460
4462
4463
4464
4466
4467
4473
4474
4477
4478
4480
4482
4484
4487
4491
4495
4496
4497
4498
4499
4500
4503
4504
4505
4506
4508
4509
4510
4513
4519
4520
4523
4524
4526
4530
4533
4535
4541
4545
4546
4548
4549
4550
4551
4554
4556
4557
4558
4561
4563
4566
4567
4570
4571
4575
4577
4580
4581
4582
4583
4585
4586
4587
4588
4590
4591
4595
4597
4601
4602
4603
4605
4612
4613
4614
4617
4622
4625
4626
4627
4630
4632
4633
4634
4636
4637
4640
4643
4644
4647
4649
4650
4651
4653
4655
4656
4657
4659
4661
4663
4666
4667
4668
4670
4674
4676
4680
4685
4686
4691
4693
4694
4698
4699
4700
4705
4706
4707
4709
4710
4711
4713
4714
4715
4716
4717
4725
4730
4733
4735
4737
4742
4743
4744
4745
4747
4748
4749
4750
4754
4755
4756
4758
4759
4762
4763
4764
4765
4766
4768
4771
4772
4773
4774
4775
4776
4777
4780
4782
4790
4792
4793
4794
4797
4799
4801
4803
4804
4808
4810
4811
4812
4813
4815
4818
4820
4822
4823
4826
4827
4829
4833
4834
4837
4838
4839
4840
4844
4846
4848
4849
4850
4852
4853
4854
4855
4856
4857
4859
4862
4864
4871
4875
4877
4878
4881
4885
4886
4887
4890
4891
4892
4893
4895
4896
4900
4902
4904
4906
4907
4912
4913
4914
4922
4923
4924
4926
4927
4928
4929
4933
4936
4938
4939
4946
4950
4956
4957
4958
4959
4960
4961
4962
4963
4967
4968
4971
4972
4974
4975
4976
4977
4978
4980
4982
4985
4986
4988
4991
4992
4993
4997
4999
5002
5004
5007
5018
5021
5023
5027
5030
5031
5033
5034
5039
5040
5043
5045
5046
5047
5048
5052
5053
5057
5058
5059
5067
5068
5070
5071
5079
5080
5081
5083
5084
5085
5086
5087
5088
5092
5093
5098
5099
5101
5102
5104
5107
5109
5110
5115
5117
5119
5121
5122
5123
5124
5126
5127
5129
5131
5132
5135
5136
5138
5142
5143
5145
5148
5149
5156
5157
5158
5159
5164
5169
5174
5176
5178
5184
5186
5191
5192
5194
5196
5198
5201
5202
5205
5206
5207
5210
5211
5212
5216
5219
5220
5223
5224
5225
5228
5230
5231
5232
5235
5236
5237
5238
5241
5243
5245
5247
5248
5249
5254
5255
5257
5261
5267
5269
5274
5275
5276
5279
5281
5283
5284
5287
5288
5290
5296
5297
5298
5300
5308
5309
5310
5317
5321
5322
5323
5324
5325
5326
5327
5329
5331
5332
5335
5336
5339
5340
5341
5342
5344
5347
5351
5356
5357
5358
5360
5369
5372
5373
5375
5376
5379
5380
5381
5382
5384
5387
5388
5390
5393
5398
5403
5405
5406
5408
5409
5410
5411
5412
5413
5416
5417
5418
5423
5426
5433
5435
5436
5440
5445
5447
5451
5454
5458
5459
5461
5463
5465
5466
5471
5472
5475
5476
5478
5480
5482
5483
5485
5486
5487
5488
5490
5493
5497
5498
5499
5500
5506
5508
5509
5511
5514
5515
5517
5520
5521
5527
5528
5529
5530
5532
5533
5541
5543
5545
5546
5552
5553
5554
5556
5563
5564
5565
5566
5567
5568
5570
5572
5574
5577
5578
5579
5581
5582
5583
5585
5587
5591
5592
5597
5600
5602
5603
5604
5605
5606
5608
5612
5613
5622
5623
5625
5626
5628
5629
5632
5633
5638
5639
5640
5642
5645
5649
5651
5652
5653
5656
5657
5660
5663
5665
5666
5671
5672
5677
5680
5682
5683
5684
5685
5688
5689
5692
5694
5695
5696
5702
5704
5706
5707
5708
5712
5713
5717
5718
5719
5722
5727
5732
5733
5736
5737
5740
5744
5745
5747
5748
5749
5752
5753
5758
5761
5762
5769
5772
5774
5776
5782
5785
5786
5787
5788
5790
5792
5795
5796
5797
5798
5799
5800
5801
5802
5804
5805
5806
5807
5810
5812
5814
5815
5816
5817
5819
5822
5825
5826
5827
5829
5830
5831
5833
5834
5835
5837
5839
5840
5842
5849
5850
5852
5854
5855
5856
5863
5868
5869
5875
5877
5885
5888
5889
5892
5895
5899
5901
5902
5904
5906
5909
5911
5913
5917
5918
5919
5920
5924
5925
5927
5929
5932
5935
5936
5938
5939
5941
5943
5944
5948
5949
5950
5952
5953
5954
5959
5960
5961
5964
5965
5966
5968
5971
5974
5976
5993
6034
6036
6047
6079
6093
6101
6102
6103
6104
6108
6109
6111
6112
6115
6118
6120
6121
6130
6132
6134
6137
6141
6145
6150
6151
6161
6164
6165
6166
6172
6175
6176
6178
6179
6180
6181
6182
6183
6186
6188
6189
6191
6194
6195
6202
6209
6210
6216
6217
6219
6223
6224
6228
6230
6233
6235
6236
6238
6239
6242
6245
6246
6250
6251
6253
6254
6256
6258
6259
6261
6262
6263
6266
6267
6274
6276
6291
6293
6295
6297
6299
6301
6311
6315
6318
6320
6326
6329
6331
6338
6341
6342
6343
6346
6352
6353
6355
6357
6358
6361
6368
6372
6375
6378
6384
6385
6390
6391
6392
6395
6398
6399
6401
6402
6408
6409
6410
6414
6415
6420
6425
6438
6447
6449
6450
6454
6455
6460
6464
6469
6475
6482
6483
6484
6489
6497
6499
6501
6503
6505
6507
6511
6512
6513
6514
6516
6518
6519
6521
6522
6526
6527
6532
6533
6534
6538
6539
6542
6546
6557
6559
6560
6563
6567
6568
6570
6574
6578
6579
6582
6598
6600
6601
6602
6604
6605
6610
6611
6617
6618
6630
6631
6635
6641
6646
6648
6649
6653
6654
6657
6664
6668
6670
6672
6680
6687
6689
6697
6705
6706
6707
6728
6731
6733
6734
6739
6744
6745
6746
6747
6750
6751
6752
6753
6759
6762
6763
6765
6774
6777
6781
6783
6788
6791
6793
6795
6798
6800
6819
6835
6839
6849
6860
6862
6863
6870
6872
6877
6882
6883
6884
6888
6889
6890
6892
6897
6898
6904
6906
6907
6913
6918
6919
6921
6925
6927
6931
6933
6934
6936
6944
6949
6952
6954
6955
6956
6957
6960
6962
6966
6970
6971
6978
6980
6983
6985
6993
6994
6999
7002
7003
7005
7007
7014
7016
7020
7023
7025
7032
7033
7038
7040
7041
7042
7044
7050
7051
7054
7057
7061
7065
7069
7073
7074
7076
7084
7087
7088
7092
7093
7094
7099
7106
7109
7111
7116
7117
7124
7125
7127
7129
7133
7136
7144
7148
7150
7157
7162
7169
7174
7175
7179
7180
7182
7195
7197
7199
7205
7208
7209
7215
7216
7219
7220
7223
7224
7226
7231
7232
7235
7236
7249
7252
7255
7258
7259
7264
7266
7267
7270
7272
7279
7281
7282
7283
7291
7296
7298
7301
7305
7319
7320
7327
7330
7343
7345
7350
7352
7354
7358
7359
7360
7361
7368
7370
7375
7376
7378
7380
7383
7389
7395
7400
7404
7408
7416
7418
7426
7427
7430
7432
7434
7435
7438
7445
7448
7449
7455
7460
7467
7468
7470
7471
7479
7482
7483
7484
7489
7501
7506
7510
7520
7525
7527
7531
7533
7534
7535
7539
7540
7546
7554
7558
7559
7567
7572
7587
7589
7591
7593
7594
7596
7599
7607
7609
